2321.0
2387.0
32760.0
36046.0
392.0
442.0
358.0
387.0
2553.0
2508.0
15039.0
13919.0
8470.0
8716.0
911.0
893.0
499.0
477.0
352.0
442.0
3585.0
3434.0
1333.0
1293.0
540.0
564.0
1775.0
1754.0
4112.0
4164.0
3193.0
3711.0
646.0
801.0
1817.0
1930.0
4054.0
4504.0
3703.0
3566.0
3372.0
3238.0
1607.0
1525.0
191.0
225.0
2684.0
2639.0
498.0
450.0
1396.0
1404.0
2108.0
2112.0
700.0
668.0
1186.0
1121.0
5876.0
5757.0
2597.0
2391.0
117.0
198.0
483.0
563.0
145.0
140.0
2565.0
2551.0
560.0
597.0
3201.0
3322.0
1939.0
1869.0
25054.0
25401.0
544.0
591.0
252.0
239.0
21014.0
16560.0
752.0
903.0
2515.0
2521.0
584.0
617.0
8663.0
8716.0
22920.0
25401.0
1788.0
1853.0
1238.0
1167.0
3437.0
3434.0
5400.0
5727.0
2890.0
2856.0
16921.0
14520.0
1007.0
1028.0
2741.0
2683.0
812.0
817.0
1139.0
1080.0
300.0
391.0
6844.0
6416.0
10080.0
9720.0
2952.0
2836.0
1171.0
1080.0
3762.0
3877.0
9409.0
9720.0
780.0
950.0
11388.0
12551.0
1126.0
1121.0
49034.0
36046.0
5482.0
5757.0
1362.0
1404.0
13528.0
12551.0
3532.0
3566.0
1916.0
1930.0
1251.0
1278.0
764.0
817.0
1035.0
1049.0
3748.0
3877.0
7263.0
7505.0
300.0
500.0
1741.0
1579.0
1786.0
1930.0
43303.0
28855.0
2082.0
2244.0
4723.0
4800.0
2395.0
2391.0
2088.0
2194.0
338.0
354.0
729.0
770.0
2038.0
2112.0
4301.0
4164.0
1358.0
1293.0
2027.0
2112.0
1417.0
1532.0
410.0
442.0
2604.0
2639.0
691.0
617.0
943.0
929.0
2999.0
2988.0
281.0
225.0
237.0
201.0
973.0
909.0
883.0
803.0
774.0
705.0
742.0
817.0
2002.0
2112.0
2672.0
2566.0
15165.0
14938.0
601.0
736.0
334.0
442.0
374.0
408.0
4622.0
4504.0
3431.0
3434.0
16788.0
16560.0
4086.0
4164.0
3630.0
3566.0
305.0
296.0
286.0
296.0
249.0
201.0
784.0
763.0
220.0
225.0
3348.0
3219.0
404.0
417.0
579.0
503.0
148.0
129.0
329.0
563.0
7824.0
7505.0
4947.0
4945.0
2994.0
2836.0
183.0
225.0
16357.0
14938.0
601.0
526.0
212.0
201.0
2941.0
2933.0
3303.0
4815.0
311.0
442.0
3800.0
3877.0
937.0
1001.0
2430.0
2508.0
1076.0
906.0
2450.0
2347.0
1708.0
1694.0
10942.0
12551.0
776.0
705.0
3234.0
3219.0
528.0
591.0
1644.0
1584.0
344.0
296.0
136.0
129.0
1039.0
997.0
3191.0
3322.0
3675.0
3853.0
3677.0
3853.0
3638.0
3434.0
241.0
247.0
893.0
893.0
2185.0
2244.0
7443.0
8046.0
570.0
503.0
702.0
676.0
1265.0
1278.0
400.0
803.0
2019.0
2112.0
8549.0
7816.0
8706.0
8740.0
3148.0
3238.0
454.0
408.0
1829.0
1557.0
2445.0
2521.0
1213.0
1121.0
176.0
198.0
687.0
686.0
1704.0
1785.0
2533.0
2508.0
246.0
239.0
7490.0
7505.0
2738.0
2836.0
2306.0
2435.0
5103.0
5078.0
3132.0
3088.0
2064.0
2054.0
2333.0
2435.0
7091.0
6765.0
500.0
500.0
399.0
450.0
3503.0
3238.0
1244.0
1293.0
17607.0
16560.0
3344.0
3711.0
1393.0
1557.0
827.0
817.0
1158.0
1080.0
252.0
293.0
246.0
296.0
26.0
140.0
789.0
803.0
1801.0
1785.0
11045.0
10200.0
5242.0
5532.0
762.0
686.0
494.0
534.0
1238.0
1167.0
5597.0
5800.0
2971.0
2988.0
3368.0
3655.0
1586.0
1727.0
2446.0
2566.0
915.0
893.0
6063.0
6416.0
5432.0
5196.0
605.0
477.0
1246.0
1121.0
2974.0
2836.0
285.0
198.0
1984.0
1930.0
631.0
563.0
170.0
89.0
4695.0
4800.0
471.0
436.0
1823.0
1930.0
281.0
296.0
619.0
667.0
1050.0
1167.0
140.0
140.0
380.0
354.0
665.0
591.0
2362.0
2391.0
1134.0
1167.0
1686.0
1579.0
190.0
293.0
2933.0
2933.0
5533.0
5532.0
395.0
387.0
1661.0
1727.0
1440.0
1532.0
7060.0
7505.0
211.0
140.0
1249.0
1167.0
4955.0
5078.0
5650.0
5732.0
11490.0
12551.0
1724.0
2078.0
16179.0
14938.0
553.0
597.0
470.0
591.0
486.0
417.0
2496.0
2508.0
3995.0
3877.0
4150.0
3877.0
2385.0
2566.0
899.0
803.0
2360.0
2391.0
2552.0
2551.0
976.0
1049.0
992.0
1028.0
3287.0
3322.0
7459.0
8046.0
204.0
225.0
80.0
89.0
33028.0
36046.0
448.0
417.0
5841.0
5732.0
1668.0
1579.0
871.0
803.0
580.0
564.0
640.0
526.0
1211.0
1293.0
5333.0
6068.0
562.0
477.0
4019.0
3853.0
2532.0
2639.0
10222.0
10398.0
4867.0
4815.0
2014.0
2184.0
2326.0
2347.0
1896.0
1930.0
114.0
89.0
1451.0
1514.0
5053.0
4630.0
3500.0
3219.0
13752.0
13919.0
19699.0
16560.0
1634.0
2109.0
34085.0
36046.0
5639.0
5757.0
1243.0
1262.0
6821.0
6416.0
440.0
450.0
440.0
406.0
566.0
569.0
8111.0
8227.0
4158.0
3877.0
11719.0
12551.0
16042.0
16560.0
22500.0
25401.0
1248.0
1313.0
8702.0
8716.0
2640.0
2520.0
481.0
477.0
701.0
667.0
1073.0
1049.0
